1 0.45078125 0.2203125 0.0359375 0.05546875
1 0.5828125 0.38671875 0.07890625 0.0984375
7 0.50703125 0.21328125 0.04453125 0.06015625
27 0.69375 0.47421875 0.09921875 0.1328125
27 0.7640625 0.39765625 0.078125 0.10625
33 0.584375 0.66015625 0.06171875 0.090625
5 0.58359375 0.50078125 0.078125 0.09921875
27 0.69296875 0.34921875 0.04765625 0.0671875
39 0.69296875 0.24609375 0.04921875 0.06796875
31 0.7421875 0.2703125 0.03515625 0.05078125
29 0.69453125 0.58515625 0.103125 0.075
29 0.69453125 0.66171875 0.1015625 0.06953125
29 0.58359375 0.58359375 0.06484375 0.04375