1 0.41484375 0.1890625 0.03828125 0.05859375
1 0.55390625 0.36484375 0.0828125 0.10390625
7 0.47421875 0.18203125 0.046875 0.06328125
27 0.67109375 0.45703125 0.1046875 0.140625
27 0.7453125 0.3765625 0.08203125 0.1125
33 0.55625 0.653125 0.06484375 0.0953125
5 0.55546875 0.48515625 0.08203125 0.1046875
27 0.66953125 0.325 0.05 0.07109375
39 0.66953125 0.2171875 0.0515625 0.071875
31 0.721875 0.2421875 0.0375 0.05390625
29 0.67109375 0.57421875 0.10859375 0.0796875
29 0.67109375 0.6546875 0.10703125 0.0734375
29 0.55546875 0.57265625 0.06796875 0.04609375