1 0.44453125 0.18671875 0.0390625 0.059375
1 0.5859375 0.36484375 0.084375 0.10546875
7 0.5046875 0.17890625 0.04765625 0.06484375
27 0.70546875 0.45859375 0.10625 0.14296875
27 0.78125 0.3765625 0.08359375 0.1140625
33 0.58828125 0.6578125 0.06640625 0.096875
5 0.5875 0.48671875 0.08359375 0.10703125
27 0.70390625 0.32421875 0.05078125 0.071875
39 0.70390625 0.2140625 0.053125 0.0734375
31 0.75703125 0.23984375 0.0375 0.0546875
29 0.70546875 0.578125 0.1109375 0.08046875
29 0.70546875 0.659375 0.109375 0.07421875
29 0.5875 0.57578125 0.06953125 0.046875