15 0.3515625 0.26875 0.1078125 0.190625
15 0.4390625 0.54296875 0.0921875 0.1765625
15 0.96953125 0.32734375 0.059375 0.16328125
7 0.07734375 0.35703125 0.0765625 0.14453125
7 0.15078125 0.3 0.0609375 0.16015625
25 0.2078125 0.17578125 0.05390625 0.1
27 0.2078125 0.2921875 0.05234375 0.10234375
17 0.68203125 0.30859375 0.084375 0.18671875
17 0.89140625 0.32265625 0.09609375 0.13984375
21 0.68203125 0.5 0.0671875 0.17421875
21 0.8890625 0.47578125 0.08125 0.1375
33 0.0703125 0.48828125 0.0546875 0.11171875
39 0.15625 0.45859375 0.05 0.1234375
29 0.15859375 0.5578125 0.04765625 0.05703125