15 0.3734375 0.26484375 0.10703125 0.1875
15 0.459375 0.5359375 0.09140625 0.17421875
15 0.97734375 0.3234375 0.0453125 0.1609375
7 0.10234375 0.35234375 0.07578125 0.14296875
7 0.175 0.29609375 0.06015625 0.1578125
25 0.23125 0.1734375 0.053125 0.09921875
27 0.23125 0.2890625 0.0515625 0.1015625
17 0.7 0.3046875 0.08359375 0.184375
17 0.90703125 0.31875 0.0953125 0.13828125
21 0.7 0.49375 0.06640625 0.171875
21 0.90546875 0.46953125 0.08046875 0.1359375
33 0.09453125 0.4828125 0.05390625 0.1109375
39 0.18046875 0.45234375 0.04921875 0.121875
29 0.1828125 0.55078125 0.046875 0.05625