15 0.37421875 0.27109375 0.103125 0.18203125
15 0.4578125 0.53359375 0.08828125 0.16875
15 0.9671875 0.328125 0.05625 0.15625
7 0.11171875 0.35546875 0.0734375 0.13828125
7 0.18203125 0.3015625 0.0578125 0.153125
25 0.23671875 0.1828125 0.0515625 0.09609375
27 0.23671875 0.29453125 0.05 0.0984375
17 0.69140625 0.31015625 0.08125 0.17890625
17 0.89140625 0.3234375 0.0921875 0.134375
21 0.69140625 0.49296875 0.0640625 0.16640625
21 0.88984375 0.46953125 0.078125 0.13203125
33 0.1046875 0.48203125 0.05234375 0.10703125
39 0.1875 0.453125 0.04765625 0.11875
29 0.18984375 0.5484375 0.0453125 0.0546875