1 0.4 0.5 0.1109375 0.14921875
1 0.20078125 0.665625 0.04296875 0.06796875
7 0.265625 0.71484375 0.05234375 0.07421875
5 0.3984375 0.6703125 0.1171875 0.15703125
33 0.396875 0.90390625 0.09296875 0.1390625
27 0.50625 0.72578125 0.0609375 0.08046875
29 0.396875 0.79453125 0.09140625 0.06640625
29 0.50546875 0.79375 0.05703125 0.04375
29 0.50703125 0.84296875 0.059375 0.03984375
29 0.51015625 0.65546875 0.0625 0.0421875
39 0.5078125 0.58984375 0.0578125 0.08359375
27 0.72109375 0.7359375 0.03125 0.0484375