1 0.37578125 0.53203125 0.10859375 0.14609375
1 0.18125 0.69296875 0.0421875 0.06640625
7 0.2453125 0.7421875 0.05078125 0.07265625
5 0.37421875 0.6984375 0.1140625 0.153125
33 0.37265625 0.9265625 0.090625 0.1359375
27 0.4796875 0.75234375 0.059375 0.078125
29 0.37265625 0.81953125 0.0890625 0.06484375
29 0.47890625 0.81875 0.05625 0.04296875
29 0.48046875 0.8671875 0.0578125 0.03828125
29 0.48359375 0.68359375 0.0609375 0.040625
39 0.48125 0.61953125 0.05703125 0.08203125
27 0.68984375 0.7625 0.03046875 0.04765625